53434067
53434068
53434069
53434070
53434071
53434072
53434073
53434148
53434149
53434150
53434151
53434353
53434354
53434355
53434356
53434357
53434358
53434359
53434360
53434361
53434362
53434379
53434380
53434381
53434382
53434383
53434384
53434385
53434386
53434387
53434389
53434390
53434489
53434699
53434707
53434812
53434461
53434462
53434463
53434464
53434465
53434466
53434467
53434468
53434469
53434470
53434473
53434474
53434475
53434476
53434477
53434478
53434479
53434480
53434481
53434482
53434483
53434484
53434493
53434494
53434495
53434496
53434497
53435979
53435980
53435981
53435982
53435983
53435984
53435985
53435986
53435987
53435988
53435989
53435990
53435991
53435992
53435993
53435994
53435995
53435996
53435997
53435998
53435999
53436000
53436001
53436002
53436003
53436004
53436005
53436006
53436007
53436008
53436009
53436010
53436011
53436012
53436013
53436014
53436015
53436016
53436017
53436018
53436019
53436020
53436021
53436022
53436023
53436024
53436025
53436026
53436027
53436875
53436876
53436877
53436878
53436879
53436880
53436881
53436890
53436891
53436892
53436893
53436894
53436895
53436896
53436898
53436899
53436900
53436901
53436902
53436905
53436906
53436907
53436909
53436910
53436911
53436912
53436913
53436914
53436915
53436916
53436917
53436918
53436995
53436996
53436999
53437000
53437001
53437002
53437003
53437004
53437005
53437006
53437007
53437008
53437009
53437010
53437011
53437012
53437013
53437016
53437017
53437018
53437019
53437020
53437021
53437022
53437023
53437025
53437026
53437027
53437028
53437029
53437030
53437031
53437032
53437033
53437034
53437037
53437038
53437039
53437040
53437041
53437042
53437043
53437044
53437045
53437046
53437051
53437052
53437053
53437054
53437055
53437056
53437057
53437058
53437059
53437060
53437061
53437062
53437063
53437064
53437065
53437066
53437067
53437068
53437069
53437070
53437071
53437072
53437073
53437074
53437075
53437076
53437077
53437078
53437079
53437080
53437081
53437082
53437083
53437085
53437086
53437087
53437088
53437089
53437090
53437091
53437092
53437093
53437094
53437095
53437096
53437097
53437098
53437099
53437100
53437101
53437102
53437103
53437104
53437105
53437106
53437107
53437108
53437109
53437113
53437114
53437115
53437116
53437117
53437118
53437119
53437120
53437143
53437144
53437145
53437146
53437147
53437148
53437149
53437150
53437151
53437152
53437153
53437154
53437155
53437156
53437157
53437158
53437159
53437160
53437194
53437195
53437196
53437197
53437198
53437199
53437200
53437201
53437202
53437203
53437204
53437205
53437206
53437207
53437208
53437209
53437210
53437211
53437212
53437213
53437214
53437215
53437216
53437217
53437218
53437219
53437220
53437221
53437222
53437223
53437224
53437225
53437226
53437227
53437228
53437229
53437230
53437231
53437232
53437233
53437234
53437235
53437236
53437237
53437238
53437239
53437240
53437241
53437242
53437243
53437244
53437245
53437246
53437247
53437248
53437249




































































































































