52117471
52117472
52117473
52117474
52117475
52117476
52117477
52117478
52117479
52117480
52117481
52117482
52117483
52117484
52117485
52117486
52117487
52117488
52117489
52118214
52118215
52118216
52118217
52118218
52118219
52118220
52118221
52118222
52118223
52118365
52118366
52118368
52118369
52118370
52118371
52118367
52118372
52118373
52118374
52118375
52118376
52118377
52118378
52118379
52118380
52118381
52118382
52118383
52118384
52118385
52118386
52118387
52118388
52118389
52118390
52118391
52118392
52118393
52118394
52118395
52118396
52118397
52118398
52118399
