51977246
51976673
51948051
51973999
51972682
51951782
51904428
51957579
51960758
51974024
51941370
51946523
51926090
51956602
51871042
51954021
51956624
51981681
51974973
51950948
51952612
51928513
51985804
51976658
51977222
51992948
51994550
51991120
51988461
51994012
51995760
51994355
52003860
51967900
51990497
51994575
51480714
52012144
52012306
52011593
51995411
51995415
51991861
52011966
52016393
52310385
52024617
52025334
52024508
52026711
52027371
52027897
52022951
52361042
52031407
52035265
52036459
52036128
52033713
52023496
52040923
52041639
52042875
52027909
52045582
52023564
52029452
52026352
51295197
52368411
51296732
51304053
51335122
51354210
51550640
51372379
52071614
51376613
51385068
51387892
52373326
51388099
52043734
51484946
52042453
52104140
51486542
51486412
51487954
51487657
51488062
52047558
51491354
51493404
51493443
51495022
51495729
52103466
51495955
51496722
51497417
51499662
51498927
51500923
51500959
51500548
51502787
51500417
51502331
51504433
51500769
51502322
51502106
51396799
51480117
51481262
51478941
51480749
51481041
51480680
52043525
51505461
51419935
51509271
51510088
51509941
51509854
51513204
51514144
51514681
51514208
51438847
52102800
51517259
52381867
51512953
51518383
51516457
51518619
51516769
51518567
51518592
51519284
51522020
51521718
51525408
51526084
51525279
51526570
51528578
51527529
51527877
51529509
52113772
51532653
52113428
51534653
51536399
51537946
51538429
51540651
51544059
51545263
51545166
51545529
52110594
51434664
51548291
51449193
51551289
51551088
51551084
51551085
51551643
51551730
51555345
51428033
51557170
51561481
51559642
51566806
51571369
51566931
51566721
51567640
51572608
51571963
51572669
51573045
51574692
51575138
51574606
51582954
51587950
51581371
51591004
51590927
52150622
51592533
51592332
51591911
51593552
51591712
51593756
51593039
51596414
51597946
51597897
51596553
51594605
51599310
51598644
51600084
51600008
51600077
52160206
51601998
51601782
51607122
51612818
51615359
51613800
51613763
51616599
51618163
51622894
51627707
51625967
51624419
51626151
51630494
51630724
51631492
51629760
51613121
51632037
51630547
51631184
51621723
51631359
51632752
51627089
51636597
51637135
51637178
51638688
51640794
51652689
51654048
51654843
51655486
51655485
51654867
51652939
51659320
51435095
51659073
51658370
51661452
51661832
51664620
51664676
51662814
51663780
51663740
51664797
51443777
51640394
51662322
51666179
51666638
51669038
51668496
51668968
51667134
51671899
51680880
51680609
51685783
51685185
51686940
51686792
51686534
51689701
51694332
51694190
51699418
51699406
51699922
51698761
51699930
51700682
51700786
51701134
51701133
51702864
51701468
51702759
51704111
51704547
51704968
51706537
51704641
51706547
51707495
51709163
51706558
51707668
52206145
51708837
51706321
51709020
51709017
51666568
51711244
51715134
51711076
51717259
51725563
51723826
51723250
51710927
51724415
51727229
51728625
51729265
51665777
51736373
51737063
52384114
51740207
51740702
51742376
51743268
51747101
51746927
51790676
51751591
51749232
51750082
51750257
51753582
51754100
51755903
51757758
51757526
51758655
51755058
51754255
51757063
51757276
51754334
51761687
51761636
51769062
51770111
51771875
51771269
51769802
51770159
51773586
51773476
51774832
51774581
51774712
51775488
51777138
51774711
51780720
51783782
51783124
51334801
51334801
51334801
51334801
51334801
51790347
51790362
51789826
51789227
51790064
51790628
51789167
51793106
52012003
51624950
52232131
52236719
52245815
51495331
51820527
51825960
51827767
51830886
51839402
51782304
52268366
51794107
51850810
51624950
51852618
51799509
51798926
51800947
51796988
51796359
51807719
51806170
51810551
51810678
51810288
51827820
51844340
51844184
51816688
51827803
51832088
51832653
51833269
51833675
51835615
51804206
51804622
51861207
51836780
51835707
51847378
51862695
51864639
51864762
51864521
51802924
51808894
51865655
51824813
51833378
51841830
51834078
51795026
51837524
51871305
51802794
51841528
51826072
51872233
51874025
51875694
51877805
51877786
51826264
51882158
51883414
51878834
51885029
51889033
51885406
51887572
51893695
51893378
51897075
51897143
51897480
51896885
51900086
51900949
51902980
51831535
52255421
51858576
51863359
51863862
51867326
51799357
51911788
51911194
51912337
51910807
51909755
51912608
52236554
52260642
51916439
51915422
51868253
51916592
51917663
51871592
52270547
51923341
51509599
51881544
51884899
51892785
51894752
51893823
51896928
51624950
51928628
51930708
51930735
51930438
51869780
51897016
51866677
52266561
52264589
51866038
51510508
51936627
51897164
51947950
51951802
51950063
51950738
51948594
51950998
51951311
51947066
51516950
51902537
51870505
52323574
51954055
51957494
51954989
51960527
51954130
51956133
51953954
51924587
51922419
51885993
51950682
51951258
51971047
51976098
51927111
51856704
51976084
51517675
