55995174
55995175
55995176
55995177
55995178
55995179
55995180
55995181
55995182
55995183
55995184
55995185
55995186
55995187
55995188
55995189
55995190
55995191
55995192
55995193
55995194
55995195
55995196
55995197
55995198
55995199
55995200
55995201
55995202
55995203
55995204
55995205
55995206
55995207
55995208
55995209
55995210
55995211
55995212
55995213
55995214
55995215
55995216
55995217
55995218
55995219
55995220
55995221
55995222
55995223
55995224
55995225
55995226
55995227
55995228
55995229
55995230
55995231
55995232
55995233
55995234
55995235
55995236
55995237
55995238
55995239
55995240
55995241
55995242
55995243
55995244