52275729
52275730
52275731
52275732
52275733
52275734
52275735
52275736
52275737
52275738
52275739
52275740
52275741
52275742
52275743
52275744
52275745
52275746
52275747
52275748
52275749
52275914
52275915
52275916
52275917
52275918
52275919
52275920
52275921
52275922
52275923
52275924
52275925
52275926
52275927
52275928
52275929
52275930
52275931
52275932
52275933
52275934
52275935
52275936
52275937
52275938
52275939
52275940
52275941
52275942
52275943
52275944
52275945
52275946
52275947
52275948
52275949
52275950
52310235
52310236
52310237
52310238
52310239
52310240
52310241
52310242
52310243
52310244
52310245
52310246
52310247
52310248
52310249
52310250
52310251
52310252
52310253
52310254
52310255
52310256
52310257
52310258
52310259
52310260
52310261
52310262
52310263
52310264
52310265
52310266
52310267
52310268
52310269
52310270
52310271
52310273
52310274
52310275
52310276
52310428
52310429
52310430
52310431
52310432
52310433
52310434
52310435
52310436
52310437
52310438
52310439
52310440
52310441
52310442
52310443
52310444
52310445
52310446
52310447
52310448
52310449
52310450
52310451
52310452
52310453
52310454
52310455
52310456
52310457
52310458
52310459
 