55653349
55653350
55653351
55653352
55653353
55653354
55653355
55653356
55653357
55653358
55653359
55653360
55653361
55653362
55653363
55653364
55653365
55653366
55653367
55653368
55653369
55653370
55653371
55653372
55653373
55653374
55653375
55653376
55653377
55653378
55653379
55653380
55653381
55653382
55653383
55653384
55653385
55653386
55653387
55653388
55653389
55653390
55653391
55653392
55653393
55653394
55653395
55653396
55653397
55653398
55653399
55653400
55653401
55653402
55653403
55653404
55653405
55653406
55653407
55653408
55653409
55653410
55653411
55653412
55653413
55653414
55653415
55653416
55653417
55653418
55653419
55653420
55653421
55653422
55653423
55653424
55653425
55653426
55653427
55653428
55653429
55653430
55653431
55653432
55653433
55653434
55653435
55653436
