Packet ID
20516984
20022682
20022682
20022682
20022682
20022682
22815318
24598434
24598434
24598434
23071877
23071877
27975841
27975841
30713659
30713659
31160848
31951857
35771783
35771783
35771783
39109359
39109359
41662034
32559872
32559872
32559872
32559872
32559872
32559872
32559872
42405644
43247564
43247564
43247564
43247564
43247564
43247564
43247564
43247564
43353160
43353160
43353160
45067078
45067078
43202138
45354649
45605388
45400406
46420415
47767884
47767884
47767884
47767884
47767884
47767884
47767884
46565530
49704357
50209111
49745768
51160470
51160470
51160470
51160470
51160470
51160470
51160470
51160470
51160470
51160470
51160470
43671455
51993154
52917637
49240473
53788631
53208444
54085344
53424054
53344414
54578957
54738916
54738916
54738916
24946434
54812864
55190588
20995430
55149348
55211999
43234570
43234570
43234570
52902230
56063198
57354948
57354943
57354943
57354946
56221298
56221691
57494033
57598296
58342928
57524202-1
57524202-1
57524202-1
58342541
56495699
56408878
54524037
56820476
56222038
58803671
58803671
58962959
58962959
58962959
58962959
56253267
58769974
58735700
58695232
58971208
58440097
59139899
58934865
59321210
59176968
59169757
59056745
59056745
59056745
59056745
59419643
59137462
59137462
58988821
58901023
59642373
59571869
59692123
59361700
58989053
59406237
59406237
59716820
59867679
59867679
59867679
59255935
59255935
59919485
59210998
60027608
60062497
60062497
59945332-2
60025484
60025484
60027608
60026576
60065784
60065784
60065784
60065784
60062497
60062497
60026576
60062497
58995147
59291721
59806649
58995147
59827370-1
59242361
60088895
60076988
60076988
59806648
58880866
58880866
58837864
60165074
60184850
60165074
60165074
60165074
60220201
60220201
59693770
59381115
60032139
60220201
59693770
60220201
60225586
60223598
60149449
60203019
59929057
60260633
60034526
60203019
60240485
60037162
59844337
60224543
60021891
58965528
60220639
60220639
60226028
58961384
58962886
58974223
59003800
59035939
60021891
59057457
60153294
59448293
59511330
59580141
50139034
59587105
59617092
59636388
59675503
59714404
59749426
59763117
59775116
59799663
59824129
59840171
59845186
59861568
59888477
59900452
59902445
59921325
59779164
59440546
60122456
59955801
59955801
60069051
60072888
60074704
60269734
60072617-1
60072892
60072888
60220140
60072892
60071331
60122456
60071331
60072888
60069051
60089706
60074127
60074127
60089706
60122456
60074704
60253610
60122456
60253610
60072617-1
60220140
60055026
60055026
58930430
60181360-1
60183245
60183245
60185078
60185078
60185078
60185078
60185078
60187323
60187323
60187323
60187347
60187347
60187347
60186990-1
60186990-1
60188482
60188482
60185083
60185083
60188964
60188964
60188964
60188964
60188964
60349952
60349952
60349952
60165478
60165478
60165533
60165533
60165533
60165533
60154899
60154899
60154899
56670067
56803916
57368919
58445423
59125830
60133917
60133917
56407270
57121038
58856910
58911997
58928713
59015594
59026474
59285534
59317332
59668551
60067348
60067348
57275921
57311833
58005193
58228777
58802119
58821197
58876894
58876894
60181360-1
58964290
58964290
58988954
59002428
58999575
59047864
59062152
59064639
59207862
59740552
60149571
60149571
59316177
59984822
59210020
56293151
59226371
59325656
59720455
60207253
60207253
60207253
60206406
58084132
60206406
60216716
60206406
59945303
60194372
60185615
60216716
60185615
58958737
60216716
60216716
60185494
60185494
60228487
60228487
60228487
60223723
60223723
60188426
60223726
60223726
60223715
60223715
60188426
60188426
59089132
60225620
60225620
60009130
59957492
59907001
60348425
60348425
59437183
59411627
59401004
59130351
59372881
59176905
59177145
59372881
59219834
59230234
59240909
59243330
59256581
59275704
59940616
60344448
60345574
60321377
60315622
60256861
58923407
58783956
58783956
60397037
60397037
60400636
60400431
60400431
59733469
59096781
60397798
60397037
60397037
60377734
60374641
59096216
59094980
59760958
58920996
60346244
60346244
60323644
59760958
60176967
59094682
60176967
59095857
59095513
60262399
60242430
60242430
60223718
60223718
60223728
60088547
60090760
60223728
60223998
60223998
59095515
59095275
60404096
60090760
60088547
60090760
60429788
60432727
60432727
60432727
60128741
60432727
58949019
58949019
58949019
60203710
59935290
60176967
57275703
59935290
60176967
57275740
59502479-1
59502479-1
60176967
59231396
60176967
60176967
58949019
58949019
60158796
60416166
59101244
59096840
60159134
60419968
60419968
60419968
