60498238
60498239
60498240
60498241
60498242
60498246
60498248
60498251
60498255
60498263
60498264
60498265
60498243
60498244
60498245
60498247
60498249
60498250
60498252
60498253
60498274
60498280
60498289
60498307
60498308
60498311
60499410
60499415
60498254
60498257
60498258
60498260
60498261
60498262
60498266
60498269
60498271
60498272
60498275
60498277
60498281
60498282
60498283
60498284
60498285
60498292
60498297
60498300
60498301
60498305
60498309
60498310
60498312
60498315
60498318
60498322
60498823
60498828
60498831
60498833
60498835
60498840
60498844
60498848
60498851
60498854
60498858
60498868
60498871
60498873
60498874
60498877
60498881
60498883
60498893
60498895
60498898
60498906
60498910
60499412
60499447