51675656
51673423
51671452
51673000
51673665
51673783
51677385
51677557
51676999
51680326
51677592
51681163
51677815
51679707
51677291
51680924
51677600
51677544
51679708
51684107
51683578
51680566
51682188
51685508
51685490
51686812
51687434
51686351
51687393
51686344
51689666
51688594
51592252
51695083
51709298
51710800
51711129
51711960
51709428
51714403
51714785
51713743
51716476
51717749
51718363
51719468
51720000
51724257
51672529
51673679
51685960
51749569
51749572
51750840
51775082
51775090
51772157
51776987
51778061
51777716
51777483
51777798
51778318
51777721
51780230
51781472
51781239
51782187
51781254
51783805
51679414
51821629
51815665
51846345
51846366
51845918
51850363
51811941
51811872
51813527
51813138
51815391
51817255
51816231
51818096
51824224
51824468
51859774
51863844
51863913
51810486
51862917
51811126
51845708
51846237
51863090
51810467
51819858
51814075
51811091
51818091
52258922
51824766
51861331
51869389
51846799
51869292
51843407
51872755
51811458
51814076
51821622
51821555
51846128
51874992
51880651
51882396
51843381
51875735
51881504
51810124
51877580
51848994
51887337
51884295
51890249
51890260
51846712
51847431
51910566
51811081
51912967
51914558
51912980
51912688
51906729
51915244
51915158
51862183
51918001
51918396
51917734
51918597
51919512
51919295
51923413
51923398
51885397
51885393
51870490
51862651
51914501
51875265
51869693
51880652
51871469
51919169
51915933
51913680
51919019
51919519
51918701
51918253
51904308
51918688
51915056
51892011
51962001
51973376
51972028
51988984
51988985
51988983
51524277
51990141
51991604
51995134
51997240
51998373
51998383
51995820
51999760
52000053
51460615
52004824
52004892
52006891
52006847
51989728
52014057
52014470
52014301
52014577
52014605
52017052
52017365
52017432
52017459
51996981
52016706
52018018
52018131
51998217
52000018
52000349
52014680
52014311
52000106
51914511
51918269
51534886
51996177
51537755
52034204
51919915
52032488
52034415
52034832
51537330
52036397
52036586
52038088
52037243
52038236
52039015
52041452
51544318
52046900
52034859
52032602
52034213
52033637
51291704
51304248
52036473
52036548
52034885
52037055
52038093
51461138
51479147
51479721
51461266
51408386
52086480
51987761
51410102
51479810
51408379
51515134
51517165
51519051
51518817
51518693
51520012
51520493
51521425
51522294
51523130
51524291
51523920
51526211
51529710
51532403
51531854
51532100
51533346
51534817
51535082
51536348
51536514
51537366
51536138
51537815
51536657
51536442
51537422
51538954
51544426
51545717
51543865
51437234
51557744
51458322
51560120
51560613
51560617
51561349
51560607
51561425
51561071
51455848
51562284
51561623
51563490
51576689
51576687
51580122
51583093
51583091
51582815
51584465
51586415
51478553
51586967
51586484
51589715
51589540
51610354
51614713
51614868
51617090
51616751
51616494
51617575
51617463
51617121
51618255
51620139
51619892
51620581
51624511
51624583
51625553
51625528
51624600
51625338
51619955
51639159
51580244
51639429
51639859
51639985
51639894
51639907
51640334
51640869
51641250
51641874
52187612
51666500
51666677
51668392
51670533
51665839
51672104
51671959
