57585979
57585980
57585981
57585982
57585983
57585984
57585985
57585986
57585987
57585988
57585989
57585990
57585991
57585992
57585993
57585994
57585995
57585996
57585997
57585998
57585999
57586000
57586001
57586002
57586003
57586004
57586005
57586006
57586007
57586008
57586009
57586010
57586011
57586012
57586013
57586014
57586015
57586016
57586017
57586018
57586019
57586020
57586021
57586022
57586023
57586024
57586025
57586026
57586027
57586028
57586029
57586030
57586031
57586032
57586033
57586034
57586035
57586036
57586037
57586038
57586039
57586040
57586041
57586042
57586043
57586044
57586045
57586046
57586047
57586048
57586049
57586050
57586051
57586052
57586053
57586054
57586055
57586056
57586057
57586058
57586059
57586060
57586061
57586062
57586063
57586064
57586065
57586066
