51291704
51295197
51296732
51304053
51304248
51334801
51335122
51354210
51372379
51376613
51385068
51387892
51388099
51396799
51408379
51408386
51410102
51419935
51428033
51434664
51435095
51437234
51438847
51443777
51449193
51455848
51458322
51460615
51461138
51461266
51478553
51478941
51479147
51479721
51479810
51480117
51480680
51480714
51480749
51481041
51481262
51484946
51486412
51486542
51487657
51487954
51488062
51491354
51493404
51493443
51495022
51495331
51495729
51495955
51496722
51497417
51498927
51499662
51500417
51500548
51500769
51500923
51500959
51502106
51502322
51502331
51502787
51504433
51505461
51509271
51509599
51509854
51509941
51510088
51510508
51512953
51513204
51514144
51514208
51514681
51515134
51516457
51516769
51516950
51517165
51517259
51517675
51518383
51518567
51518592
51518619
51518693
51518817
51519051
51519284
51520012
51520493
51521425
51521718
51522020
51522294
51523130
51523920
51524277
51524291
51525279
51525408
51526084
51526211
51526570
51527529
51527877
51528578
51529509
51529710
51531854
51532100
51532403
51532653
51533346
51534653
51534817
51534886
51535082
51536138
51536348
51536399
51536442
51536514
51536657
51537330
51537366
51537422
51537755
51537815
51537946
51538429
51538954
51540651
51543865
51544059
51544318
51544426
51545166
51545263
51545529
51545717
51548291
51550640
51551084
51551085
51551088
51551289
51551643
51551730
51555345
51557170
51557744
51559642
51560120
51560607
51560613
51560617
51561071
51561349
51561425
51561481
51561623
51562284
51563490
51566721
51566806
51566931
51567640
51571369
51571963
51572608
51572669
51573045
51574606
51574692
51575138
51576687
51576689
51580122
51580244
51581371
51582815
51582954
51583091
51583093
51584465
51586415
51586484
51586967
51587950
51589540
51589715
51590927
51591004
51591712
51591911
51592252
51592332
51592533
51593039
51593552
51593756
51594605
51596414
51596553
51597897
51597946
51598644
51599310
51600008
51600077
51600084
51601782
51601998
51607122
51610354
51612818
51613121
51613763
51613800
51614713
51614868
51615359
51616494
51616599
51616751
51617090
51617121
51617463
51617575
51618163
51618255
51619892
51619955
51620139
51620581
51621723
51622894
51624419
51624511
51624583
51624600
51624950
51625338
51625528
51625553
51625967
51626151
51627089
51627707
51629760
51630494
51630547
51630724
51631184
51631359
51631492
51632037
51632752
51636597
51637135
51637178
51638688
51639159
51639429
51639859
51639894
51639907
51639985
51640334
51640394
51640794
51640869
51641250
51641874
51652689
51652939
51654048
51654843
51654867
51655485
51655486
51658370
51659073
51659320
51661452
51661832
51662322
51662814
51663740
51663780
51664620
51664676
51664797
51665777
51665839
51666179
51666500
51666568
51666638
51666677
51667134
51668392
51668496
51668968
51669038
51670533
51671452
51671899
51671959
51672104
51672529
51673000
51673423
51673665
51673679
51673783
51675656
51676999
51677291
51677385
51677544
51677557
51677592
51677600
51677815
51679414
51679707
51679708
51680326
51680566
51680609
51680880
51680924
51681163
51682188
51683578
51684107
51685185
51685490
51685508
51685783
51685960
51686344
51686351
51686534
51686792
51686812
51686940
51687393
51687434
51688594
51689666
51689701
51694190
51694332
51695083
51698761
51699406
51699418
51699922
51699930
51700682
51700786
51701133
51701134
51701468
51702759
51702864
51704111
51704547
51704641
51704968
51706321
51706537
51706547
51706558
51707495
51707668
51708837
51709017
51709020
51709163
51709298
51709428
51710800
51710927
51711076
51711129
51711244
51711960
51713743
51714403
51714785
51715134
51716476
51717259
51717749
51718363
51719468
51720000
51723250
51723826
51724257
51724415
51725563
51727229
51728625
51729265
51736373
51737063
51740207
51740702
51742376
51743268
51746927
51747101
51749232
51749569
51749572
51750082
51750257
51750840
51751591
51753582
51754100
51754255
51754334
51755058
51755903
51757063
51757276
51757526
51757758
51758655
51761636
51761687
51769062
51769802
51770111
51770159
51771269
51771875
51772157
51773476
51773586
51774581
51774711
51774832
51775082
51775090
51775488
51776987
51777138
51777483
51777716
51777721
51777798
51778061
51778318
51780230
51780720
51781239
51781254
51781472
51782187
51782304
51783124
51783782
51783805
51789167
51789227
51789826
51790064
51790347
51790362
51790628
51790676
51793106
51794107
51795026
51796359
51796988
51798926
51799357
51799509
51800947
51802794
51802924
51804206
51804622
51806170
51807719
51808894
51810124
51810288
51810467
51810486
51810551
51810678
51811081
51811091
51811126
51811458
51811872
51811941
51813138
51813527
51814075
51814076
51815391
51815665
51816231
51816688
51817255
51818091
51818096
51819858
51820527
51821555
51821622
51821629
51824224
51824468
51824766
51824813
51825960
51826072
51826264
51827767
51827803
51827820
51830886
51831535
51832088
51832653
51833269
51833378
51833675
51834078
51835615
51835707
51836780
51837524
51839402
51841528
51841830
51843381
51843407
51844184
51844340
51845708
51845918
51846128
51846237
51846345
51846366
51846712
51846799
51847378
51847431
51848994
51850363
51850810
51852618
51856704
51858576
51859774
51861207
51861331
51862183
51862651
51862695
51862917
51863090
51863359
51863844
51863862
51863913
51864521
51864639
51864762
51865655
51866038
51866677
51867326
51868253
51869292
51869389
51869693
51869780
51870490
51870505
51871042
51871305
51871469
51871592
51872233
51872755
51874025
51874992
51875265
51875694
51875735
51877580
51877786
51877805
51878834
51880651
51880652
51881504
51881544
51882158
51882396
51883414
51884295
51884899
51885029
51885393
51885397
51885406
51885993
51887337
51887572
51889033
51890249
51890260
51892011
51892785
51893378
51893695
51893823
51894752
51896885
51896928
51897016
51897075
51897143
51897164
51897480
51900086
51900949
51902537
51902980
51904308
51904428
51906729
51909755
51910566
51910807
51911194
51911788
51912337
51912608
51912688
51912967
51912980
51913680
51914501
51914511
51914558
51915056
51915158
51915244
51915422
51915933
51916439
51916592
51917663
51917734
51918001
51918253
51918269
51918396
51918597
51918688
51918701
51919019
51919169
51919295
51919512
51919519
51919915
51922419
51923341
51923398
51923413
51924587
51926090
51927111
51928513
51928628
51930438
51930708
51930735
51936627
51941370
51946523
51947066
51947950
51948051
51948594
51950063
51950682
51950738
51950948
51950998
51951258
51951311
51951782
51951802
51952612
51953954
51954021
51954055
51954130
51954989
51956133
51956602
51956624
51957494
51957579
51960527
51960758
51962001
51967900
51971047
51972028
51972682
51973376
51973999
51974024
51974973
51976084
51976098
51976658
51976673
51977222
51977246
51981681
51985804
51987761
51988461
51988983
51988984
51988985
51989728
51990141
51990497
51991120
51991604
51991861
51992948
51994012
51994355
51994550
51994575
51995134
51995411
51995415
51995760
51995820
51996177
51996981
51997240
51998217
51998373
51998383
51999760
52000018
52000053
52000106
52000349
52003860
52004824
52004892
52006847
52006891
52011593
52011966
52012003
52012144
52012306
52014057
52014301
52014311
52014470
52014577
52014605
52014680
52016393
52016706
52017052
52017365
52017432
52017459
52018018
52018131
52022951
52023496
52023564
52024508
52024617
52025334
52026352
52026711
52027371
52027897
52027909
52029452
52031407
52032488
52032602
52033637
52033713
52034204
52034213
52034415
52034832
52034859
52034885
52035265
52036128
52036397
52036459
52036473
52036548
52036586
52037055
52037243
52038088
52038093
52038236
52039015
52040923
52041452
52041639
52042453
52042875
52043525
52043734
52045582
52046900
52047558
52071614
52086480
52102800
52103466
52104140
52110594
52113428
52113772
52150622
52160206
52187612
52206145
52232131
52236554
52236719
52245815
52255421
52258922
52260642
52264589
52266561
52268366
52270547
52310385
52323574
52361042
52368411
52373326
52381867
52384114
51774712
