57746156
57746157
57746158
57746159
57746160
57746161
57746162
57746163
57746164
57746165
57746166
57746167
57746168
57746169
57746170
57746171
57746172
57746173
57746174
57746175
57746176
57746177
57746178
57746179
57746180
57746181
57746182
57746183
57746184
57746185
57746186
57746187
57746188
57746189
57746190
57746191
57746192
57746193
57746194
57746195
57746196
57746197
57746198
57746199
57746200
57746201
57746202
57746203
57746204
57746205
57746206
57746207
57746208
57746209
57746210
57746211
57746212
57746213
57746214
57746215
57746216
57746217
57746218
57746219
57746220
57746221
57746222
57746223
57746224
57746225
57746226
57746227
57746228
57746229
57746230
57746231
57746232
57746233
57746234
57746235
57746236