52679324
52682026
52679278
52679945
52678594
52683861
52683838
52682003
52678634
52679968
52683798
52681986
52681963
52682049
52679991
52678611
52679301
52679318
52678654
52679341
52679905
52684542
52684588
52682009
52684565
52682023
52684548
52683835
52683858
52679922
52684525
52679985
52683795
52678591
52678637
52679965
52684502
52679988
52683818
52679304
52678614
52682046
52679344
52679321
52681983
52684585
52682029
52679281
52679948
52679928
52684562
52683778
52682006
52678631
52683855
52684522
52684545
52681966
52679925
52678657
52679298
52683775
52678617
52683815
52683792
52684505
52684568
52679942
52681995
52681972
52683807
52684528
52684551
52679347
52678663
52678580
52679908
52678603
52683844
52684574
52684597
52683821
52681955
52684511
52684534
52682032
52679994
52678620
52678643
52679310
52683781
52684508
52682948
52679931
52679954
52681969
52679977
52681992
52679327
52679914
52683804
52678597
52679287
52678660
52683827
52682055
52678583
52679911
52679957
52679934
52683841
52684571
52684594
52682015
52682052
52681952
52681975
52679290
52684577
52682038
52684531
52678666
52679971
52678646
52678623
52683864
52684554
52683824
52683847
52678577
52683801
52682058
52679284
52681989
52679974
52679951
52678600
52684514
52678640
52684591
52679330
52682035
52679307
52682012
52679997
52683784
52679293
52679339
52679316
52682041
52682018
52683853
52679923
52680000
52683830
52684520
52679937
52679960
52679983
52678626
52684543
52683790
52683813
52682024
52684557
52684580
52684603
52678589
52681978
52679963
52684500
52679333
52678669
52682001
52678612
52679296
52679319
52683850
52681961
52684517
52678629
52678606
52678652
52679980
52684540
52683810
52683787
52683773
52684563
52681998
52682021
52679313
52679336
52683856
52679920
52683833
52682061
52679940
52679917
52683793
52679276
52684600
52679943
52681958
52684583
52684560
52678632
52682044
52678649
52678586
52684537
52681981
52682004
52678609
52679299
52683799
52678618
52681987
52684506
52679992
52683822
52678655
52684589
52679325
52678595
52682010
52682033
52679285
52679952
52684566
52682047
52681970
52678635
52683836
52683859
52684549
52684526
52679929
52679986
52679302
52678661
52679342
52683842
52679906
52683796
52679279
52679969
52679946
52683819
52684509
52684586
52681984
52682030
52679972
52679282
52678598
52679949
52678575
52682007
52683779
52678592
52678638
52684523
52679305
52684546
52684503
52681990
52681967
52678615
52678658
52682053
52679909
52684592
52679322
52684569
52683816
52682050
52679345
52678578
52682027
52684529
52679966
52679926
52683839
52683862
52679989
52683776
52683845
52679915
52679308
52678641
52679331
52684598
52684575
52682056
52681956
52684512
52684535
52684558
52679975
52683782
52678581
52678604
52679932
52678627
52682949
52679955
52679978
52681993
52682039
52683805
52683851
52679288
52683828
52684595
52684572
52678644
52679334
52678621
52679311
52683788
52682016
52679938
52681953
52681976
52681999
52684578
52684532
52679328
52678667
52684555
52678607
52683848
52678584
52679912
52683802
52679995
52684515
52683825
52679291
52679314
52684538
52682036
52682013
52679998
52683785
52678647
52678624
52679935
52681973
52679958
52682019
52681996
52679918
52683808
52682059
52684552
52678601
52678664
52678656
52679984
52684544
52678633
52679961
52678587
52684498
52683791
52683814
52678610
52679300
52679317
52679294
52684581
52679340
52682042
52679277
52682025
52681979
52679924
52678670
52683837
52679944
52682002
52679280
52681985
52681962
52679921
52684518
52682062
52678653
52682048
52684604
52678590
52684541
52684587
52683811
52684501
52678613
52684564
52682022
52682045
52679320
52679343
52679274
52684524
52683857
52683834
52679941
52678630
52683794
52679964
52684601
52683817
52683774
52679297
52681959
52679987
52684584
52678650
52679337
52679967
52681982
52684504
52684561
52682005
52679981
52683854
52678593
52684521
52681965
52683831
52679953
52684590
52678579
52679907
52682034
52682011
52679286
52683783
52684567
52683777
52681971
52681994
52678619
52683860
52678642
52684527
52679309
52684550
52684507
52678662
52683843
52683797
52679326
52679947
52678596
52679970
52684573
52683820
52682054
52682031
52678636
52679993
52679930
52683780
52679303
52682008
52683803
52684547
52679996
52678622
52681991
52681968
52679927
52684510
52678659
52679933
52684570
52684593
52682014
52678576
52678599
52682028
52684530
52678639
52679329
52679306
52683863
52683840
52684553
52678616
52679990
52679910
52683846
52679323
52683800
52679283
52681988
52679950
52679973
52682051
52679346
52683823
52684536
52684559
52684582
52678625
52681980
52678671
52679976
52678602
52682017
52683806
52683852
52678588
52679916
52682057
52679332
52679999
52684499
52683829
52684519
52679295
52679913
52683789
52684596
52683812
52681954
52679939
52678582
52682000
52678605
52678628
52682040
52684579
52679962
52684533
52681977
52678668
52684556
52679919
52683849
52682060
52678645
52679335
52679312
52684602
52681960
52684516
52683826
52679956
52678651
52679979
52684539
52682037
52683786
52683809
52679289
52679959
52678608
52679936
52681997
52681974
52679982
52682043
52682020
52678585
52678665
52683832
52679292
52679315
52679338
52679275
52684576
52678648
52684599
52681957
52684513
